34 2
33 0.21739335 -1.1652586
32 0.5432911 -1.275259
2 0.01630757 -1.0978503
0 -1.2569201 -1.0654738
1 -0.70090055 -1.0372982
3 -0.6792224 -1.0139012
31 0.53220385 -1.1890675
27 0.3435556 -1.1106995
28 0.25587544 -1.17255
6 -1.9839863 -1.2905295
13 -0.31127957 -0.9545523
24 0.61505425 -1.1936316
29 1.1531551 -1.4399239
15 0.3562041 -1.1144137
17 -0.98387843 -0.9952215
25 1.0960047 -1.3699174
23 1.2334421 -1.4594322
30 0.41970617 -1.16478
8 0.30433166 -1.1643593
21 -1.0032306 -0.9752131
14 0.23875546 -1.1908709
12 -0.92859226 -0.97678936
22 0.28284508 -1.1639597
19 0.27780992 -1.1503509
18 0.18182683 -1.1346866
7 -0.017318435 -1.0556949
11 -1.31861 -1.003669
16 -1.9729776 -1.3074169
20 0.79772496 -1.320961
5 -1.9511738 -1.2970206
26 0.19994932 0.14244966
4 -0.0077653425 0.23882222
9 -0.07561831 0.034592856
10 0.05162899 -0.02481737
